
Construyendo un SVR..!

w: {-2.69232e+08,-5.05532e+07}
b: -1.05152e+10

