
Construyendo un SVR..!

w: {-1.74425e+07,-1.54425e+07}
b: -1.29043e+08

