
Construyendo un SVR..!

w: {-2.69529e+10,-5.42255e+09,2.47177e+11}
b: -1.37032e+15

