
Construyendo un SVR..!

w: {-1.90399e+10,-1.71451e+09,1.08609e+11}
b: -8.13809e+14

