
Construyendo un SVR..!

w: {1.67481e+11,9.38295e+10}
b: 7.8282e+17

