
Construyendo un SVR..!

w: {5.08239e+09,2.0054e+09}
b: 1.05829e+14

