
Construyendo un SVR..!

w: {4.91062e+09,2.1348e+09}
b: 1.41961e+14

