
Construyendo un SVR..!

w: {2.62954e+10,2.64853e+11}
b: 2.46841e+17

