
Construyendo un SVR..!

w: {-2.14288e+10,1.387e+11}
b: -1.34645e+14

