
Construyendo un SVR..!

w: {-1.18917e+10,1.31286e+11}
b: -5.34746e+13

