
Construyendo un SVR..!

w: {7.31675e+10,6.53861e+10}
b: 3.64691e+17

