
Construyendo un SVR..!

w: {-1.80856e+07,2.14062e+08}
b: -4.9002e+09

