
Construyendo un SVR..!

w: {-1.95445e+10,2.33406e+11}
b: -2.5556e+14

