
Construyendo un SVR..!

w: {-1.14302e+10,3.50922e+10}
b: -1.62543e+14

