
Construyendo un SVR..!

w: {1.79139e+10,1.05035e+10,2.11986e+10}
b: 1.49401e+18

