
Construyendo un SVR..!

w: {3.09629e+09,2.95856e+09,8.30336e+08}
b: 3.12246e+13

