
Construyendo un SVR..!

w: {-8.84693e+09,-1.2444e+10,9.61966e+11}
b: 1.36442e+13

