
Construyendo un SVR..!

w: {-1.20108e+09,-8.65306e+08,1.1091e+11}
b: -1.99645e+15

