
Construyendo un SVR..!

w: {-2.20601e+08}
b: 4.12817e+07

