
Construyendo un SVR..!

w: {-5.50056e+08,-2.62064e+09}
b: -3.37994e+14

