
Construyendo un SVR..!

w: {-9.67564e+09,-1.65805e+09}
b: 3.83693e+14

