
Construyendo un SVR..!

w: {-5.06101e+09,2.22396e+11}
b: -2.96494e+15

