
Construyendo un SVR..!

w: {-1.29299e+09,5.04719e+10}
b: 1.27457e+13

