
Construyendo un SVR..!

w: {-4.59888e+09,1.67121e+11}
b: 2.91626e+13

