
Construyendo un SVR..!

w: {-3.11758e+09,1.71486e+11}
b: -1.42443e+13

