
Construyendo un SVR..!

w: {-2.77291e+09,-1.86452e+09}
b: 8.85226e+09

