
Construyendo un SVR..!

w: {-4.51822e+09,-2.78206e+09,9.35225e+10}
b: 7.92413e+12

