
Construyendo un SVR..!

w: {-335376,-1.60233e+08}
b: -1.51394e+13

